ms 10 1 -r 10 1000
//
segsites: 38
positions: 0.051000 0.130000 0.233000 0.258000 0.414000 0.432000 0.458000 0.471000 0.505000 0.538000 0.564000 0.586000 0.599000 0.621000 0.636000 0.647000 0.655000 0.675000 0.678000 0.708000 0.715000 0.726000 0.730000 0.750000 0.752000 0.758000 0.762000 0.779000 0.787000 0.798000 0.808000 0.819000 0.844000 0.866000 0.874000 0.906000 0.974000 0.990000 
00011000101001100000000011011000100101
00011000111010000000000011011000100010
0110100010011001010001110N0N1100010010
00001010001010001010000011011001000101
00011000100110010100000001000010011110
00010010101001100000000011011000100101
00011111101010010NN110000010001N010010
00001000111010001010000011011001000110
00010000001010010NN110000010001N010010
10001010001010001010000011011001000101